# MCL

```
./mult.c example/binary
```

```
./mult.c example/e-value
```

```
100  50   50   45   0    0    0
50   100  0    60   0    0    0
50   0    100  40   0    0    0
45   60   40   100  80   70   15
0    0    0    80   100  70   0
0    0    0    70   70   100  0
0    0    0    15   0    0    100
```
```
M1
0.408163 0.238095 0.263158 0.109756 0.000000 0.000000 0.000000
0.204082 0.476190 0.000000 0.146341 0.000000 0.000000 0.000000
0.204082 0.000000 0.526316 0.097561 0.000000 0.000000 0.000000
0.183673 0.285714 0.210526 0.243902 0.320000 0.291667 0.130435
0.000000 0.000000 0.000000 0.195122 0.400000 0.291667 0.000000
0.000000 0.000000 0.000000 0.170732 0.280000 0.416667 0.000000
0.000000 0.000000 0.000000 0.036585 0.000000 0.000000 0.869565
M2
0.289053 0.241919 0.269022 0.132085 0.035122 0.032012 0.014316
0.207359 0.317160 0.084514 0.127779 0.046829 0.042683 0.019088
0.208629 0.076465 0.351253 0.097542 0.031220 0.028455 0.012725
0.221041 0.249473 0.210486 0.259006 0.287715 0.285999 0.145235
0.035839 0.055749 0.041078 0.175436 0.304106 0.295105 0.025451
0.031359 0.048780 0.035944 0.167414 0.283301 0.305075 0.022269
0.006720 0.010453 0.007702 0.040737 0.011707 0.010671 0.760916
G(M2)
0.377639 0.251400 0.289217 0.102123 0.004743 0.003857 0.000340
0.194343 0.432098 0.028544 0.095573 0.008433 0.006856 0.000605
0.196731 0.025116 0.493047 0.055693 0.003748 0.003047 0.000269
0.220834 0.267344 0.177050 0.392679 0.318314 0.307823 0.035041
0.005805 0.013351 0.006743 0.180159 0.355614 0.327736 0.001076
0.004445 0.010222 0.005163 0.164059 0.308621 0.350253 0.000824
0.000204 0.000469 0.000237 0.009714 0.000527 0.000429 0.961845
```
